4294967279,12
4294967279,11
4294967278,389
4294967294,459
1969,4
1972,4
4294967294,458
2172,4
1967,4
2167,4
2159,4
4294967278,244
4294967294,53
4294967294,1089
4294967294,51
4294967278,221
2178,4
4294967278,230
2178,3
2178,2
2178,1
0,7
4294967278,226
4294967278,418
4294967278,286
4294967278,573
2176,0
4294967294,6
4294967278,352
4294967294,82
4294967294,457
4294967294,83
4294967294,18
4294967294,127
4294967294,14
4294967294,126
4294967294,20
4294967294,13
4294967294,166
4294967294,24
4294967294,169
4294967294,183
4294967294,104
4294967294,106
4294967294,160
4294967294,119
4294967294,168
4294967294,162
4294967294,97
4294967278,218
4294967278,216
4294967278,214
4294967294,212
4294967294,1413
4294967294,1601
4294967278,132
4294967278,131
4294967278,130
4294967278,129
4294967278,128
4294967278,127
4294967278,126
4294967278,125
4294967278,124
4294967278,123
4294967278,122
4294967278,121
4294967278,120
4294967278,119
4294967278,118
4294967278,117
4294967278,116
4294967278,115
4294967278,114
4294967278,113
4294967278,112
4294967278,111
4294967278,110
4294967278,109
4294967278,108
4294967278,107
4294967278,106
4294967278,105
4294967278,104
4294967278,103
4294967278,102
4294967278,101
4294967278,97
4294967278,84
4294967278,83
4294967278,82
4294967278,81
4294967278,80
4294967278,79
4294967278,174
4294967278,564
4294967278,78
4294967278,77
4294967278,563
4294967278,76
4294967278,571
4294967278,75
4294967278,339
4294967278,74
4294967278,562
4294967278,73
4294967278,72
4294967278,534
4294967278,71
4294967278,70
4294967278,69
4294967278,68
4294967278,67
4294967278,66
4294967278,65
4294967278,64
4294967278,63
4294967279,85
4294967279,82
4294967279,80
4294967279,79
4294967279,77
4294967279,334
4294967279,72
4294967279,69
4294967279,67
4294967279,88
4294967279,174
4294967279,66
4294967279,65
4294967279,64
4294967279,58
4294967279,53
4294967279,50
4294967279,49
4294967279,48
4294967279,46
4294967279,45
4294967279,41
4294967279,37
4294967279,35
4294967279,34
4294967279,33
4294967279,31
4294967279,29
4294967279,23
4294967279,22
4294967279,18
4294967279,16
4294967279,10
4294967279,9
4294967279,8
4294967279,7
4294967279,6
4294967279,5
4294967279,4
4294967294,12
4294967294,50
4294967294,89
4294967294,197
4294967294,993
4294967294,173
4294967294,195
4294967294,182
4294967294,408
4294967294,396
4294967294,398
4294967294,415
4294967294,164
4294967294,502
4294967294,96
4294967294,94
4294967278,428
4294967278,541
4294967278,99
4294967278,211
4294967294,8
4294967278,100
4294967278,251
4294967278,98
4294967278,419
4294967294,68
4294967294,11
4294967294,81
4294967294,471
4294967294,22
4294967278,96
4294967278,208
4294967278,417
4294967278,95
4294967278,207
4294967278,518
4294967278,94
4294967294,1093
4294967278,206
4294967278,387
4294967294,1633
4294967294,469
4294967278,93
4294967278,205
4294967294,1620
4294967294,1745
4294967294,387
4294967278,329
4294967278,92
4294967278,204
4294967278,416
4294967278,203
4294967278,427
4294967278,91
4294967278,90
4294967294,1029
4294967294,400
4294967294,147
4294967294,1603
4294967294,405
4294967294,184
4294967294,112
4294967294,116
4294967294,1030
4294967294,456
4294967278,202
4294967278,426
4294967278,260
4294967278,399
4294967278,89
4294967294,455
4294967294,454
4294967278,201
4294967294,421
4294967294,406
4294967294,178
4294967294,177
4294967294,443
4294967294,175
4294967294,448
4294967278,351
0,5
4294967294,501
4294967294,1429
4294967294,1660
4294967278,87
4294967278,385
4294967278,342
2169,4
4294967294,5
4294967294,17
4294967294,76
4294967294,41
4294967294,9
4294967294,67
4294967294,392
4294967294,46
4294967294,1138
4294967294,120
4294967294,1104
4294967294,511
4294967294,1026
4294967294,510
4294967294,2
4294967294,0
4294967294,1
4294967278,199
4294967294,90
4294967294,87
4294967294,84
4294967294,1415
4294967294,1634
4294967294,29
4294967294,414
4294967294,28
4294967294,27
4294967294,25
4294967294,26
4294967294,52
4294967294,1105
4294967278,425
4294967278,0
4294967278,86
4294967279,349
4294967294,7
4294967278,85
4294967278,384
4294967294,93
4294967294,95
4294967294,509
4294967278,343
4294967294,453
4294967278,565
2177,10
2177,9
2177,8
2177,7
2177,6
2177,5
2177,4
2177,3
2177,2
2177,1
4294967294,1137
4294967294,506
4294967294,505
4294967294,1107
4294967294,504
2176,6
2176,5
2176,4
2176,3
2176,2
2176,1
4294967279,348
4294967279,347
4294967279,345
4294967278,424
4294967279,342
4294967279,340
4294967278,423
4294967279,338
2175,4
2175,3
2175,2
2175,1
4294967278,422
4294967278,421
4294967294,503
4294967294,217
4294967279,331
4294967293,131
4294967293,130
4294967293,129
4294967293,128
4294967293,127
4294967293,126
4294967293,125
4294967293,124
4294967293,123
4294967293,122
4294967293,121
4294967293,120
4294967293,119
4294967293,118
4294967293,117
4294967293,116
4294967293,115
4294967293,114
4294967293,113
4294967293,112
4294967293,111
4294967293,110
4294967293,109
4294967293,108
